left:
  kinematic:
    x: 0.034858
    y: 0.050759
    z: 0.355963
    roll: -0.89334809
    pitch: -0.17456074
    yaw: -0.46334506

right:
  kinematic:
    x: 0.034858
    y: -0.050749
    z: 0.355979
    roll: 0.89334809
    pitch: -0.17456074
    yaw: 0.46334506